time (s)	theta (A)	maj axis/z0	min axis/z0	crossing#mod 255
3788.132097	23.044512	0.825580	-0.018265	91
3790.158403	23.035194	0.816426	-0.018048	93
3792.186896	23.237944	0.811584	-0.018318	95
3794.212648	23.494240	0.807723	-0.018255	97
3796.233715	23.543371	0.808669	-0.019139	99
3798.253403	22.782530	0.810507	-0.019626	101
3800.269528	21.635929	0.804044	-0.018897	103
3802.296959	21.763996	0.791643	-0.016057	105
3804.333545	23.051014	0.782932	-0.015497	107
3806.365775	23.962698	0.786191	-0.018354	109
3808.382893	22.906168	0.796162	-0.021158	111
3810.396776	21.202229	0.786505	-0.018527	113
3812.426811	21.762245	0.770296	-0.014656	115
3814.466030	23.176125	0.762737	-0.015604	117
3816.494466	23.597435	0.766806	-0.018790	119
3818.509882	22.708210	0.771530	-0.019871	121
3820.528586	21.630634	0.765151	-0.018278	123
3822.551269	21.450811	0.755297	-0.016435	125
3824.579285	21.814329	0.748239	-0.015938	127
3826.611683	22.158085	0.744915	-0.015705	129
3828.640497	22.378138	0.743298	-0.015994	131
3830.666729	22.391018	0.740440	-0.015641	133
3832.692267	22.321203	0.737811	-0.015884	135
3834.715383	22.303762	0.735837	-0.016085	137
3836.737869	22.368366	0.733523	-0.015295	139
3838.757111	22.554585	0.728074	-0.014668	141
3840.779363	22.720459	0.721147	-0.015841	143
3842.808112	22.515375	0.714032	-0.016283	145
3844.842087	22.098310	0.707288	-0.016672	147
3846.876704	21.343737	0.704665	-0.016321	149
3848.904122	21.301453	0.710911	-0.014078	151
3850.918954	22.215128	0.714737	-0.013353	153
3852.933225	22.991596	0.704628	-0.014664	155
3854.960090	22.717066	0.691806	-0.016496	157
3856.994711	21.947233	0.685333	-0.016767	159
3859.033225	21.301140	0.684720	-0.015482	161
3861.058492	21.296574	0.688398	-0.014288	163
3863.077714	21.860430	0.690278	-0.014088	165
3865.095983	22.214821	0.687850	-0.014282	167
3867.116348	22.377598	0.680174	-0.014612	169
3869.136722	22.167456	0.674302	-0.015293	171
3871.160277	21.966536	0.669071	-0.014863	173
3873.188448	21.847996	0.666267	-0.014887	175
3875.213823	21.657873	0.664640	-0.014681	177
3877.240023	21.626415	0.661542	-0.014274	179
3879.263447	21.432154	0.658312	-0.014834	181
3881.288626	21.424963	0.655121	-0.013454	183
3883.319828	21.527826	0.650412	-0.013296	185
3885.352399	21.754705	0.646331	-0.012884	187
3887.385489	22.254766	0.641841	-0.013553	189
3889.414796	22.668962	0.638977	-0.013782	191
3891.436362	22.657099	0.641161	-0.015121	193
3893.452928	21.754620	0.642173	-0.015190	195
3895.469386	20.755888	0.636006	-0.013992	197
3897.494009	20.735483	0.628551	-0.012883	199
3899.526996	21.318911	0.619200	-0.012099	201
3901.563340	21.909430	0.616443	-0.012334	203
3903.592457	22.337179	0.613669	-0.013289	205
3905.622392	22.406376	0.613147	-0.013874	207
3907.641444	22.007740	0.614208	-0.013830	209
3909.658021	21.700966	0.613388	-0.013638	211
3911.680254	21.416418	0.610110	-0.012926	213
3913.697570	21.223030	0.605799	-0.013117	215
3915.725373	21.200352	0.603771	-0.012558	217
3917.749106	21.333206	0.599876	-0.012610	219
3919.777578	21.424078	0.594779	-0.012393	221
3921.804002	21.432428	0.591298	-0.012340	223
3923.836027	21.387325	0.585345	-0.012505	225
3925.864969	21.182604	0.580787	-0.012238	227
3927.897892	20.898590	0.577850	-0.012488	229
3929.925778	20.782440	0.577385	-0.011975	231
3931.948972	20.981916	0.581037	-0.010702	233
3933.964790	21.423180	0.580118	-0.010474	235
3935.978407	21.801485	0.578135	-0.010539	237
3938.000138	22.006844	0.571519	-0.011229	239
3940.024345	21.807636	0.563473	-0.011604	241
3942.059989	21.453190	0.557854	-0.011698	243
3944.093726	21.044399	0.555193	-0.011860	245
3946.130183	20.863214	0.553388	-0.011332	247
3948.156882	20.813110	0.553818	-0.011137	249
3950.181222	21.036610	0.552357	-0.010807	251
3952.201545	21.198206	0.549511	-0.010835	253
3954.226368	21.298416	0.548664	-0.010807	255
3956.246580	21.379662	0.545605	-0.010871	1
3958.274392	21.420002	0.541807	-0.010925	3
3960.299535	21.501322	0.538381	-0.011102	5
3962.327134	21.552088	0.534057	-0.011257	7
3964.353923	21.615612	0.530741	-0.010958	9
3966.383221	21.841711	0.526748	-0.011475	11
3968.409783	21.934898	0.527386	-0.011325	13
3970.432481	21.822693	0.526593	-0.011736	15
3972.445314	21.359842	0.528298	-0.011797	17
3974.461790	20.720499	0.525547	-0.011653	19
3976.479687	20.209974	0.519791	-0.010927	21
3978.506744	20.160604	0.513184	-0.010088	23
3980.534509	20.524431	0.508332	-0.009798	25
3982.569298	20.973164	0.504880	-0.009551	27
3984.604288	21.333548	0.501802	-0.009420	29
3986.633355	21.519403	0.499246	-0.009883	31
3988.661337	21.566250	0.497058	-0.010254	33
3990.690566	21.594822	0.495719	-0.010450	35
3992.710071	21.378937	0.495428	-0.010290	37
3994.731590	21.237614	0.492846	-0.010431	39
3996.761504	21.071733	0.491207	-0.009877	41
3998.785580	21.063721	0.488622	-0.010062	43
4000.810203	20.914936	0.483819	-0.009997	45
4002.832893	20.777941	0.480907	-0.009595	47
4004.866795	20.706499	0.476411	-0.009749	49
4006.892954	20.554350	0.474979	-0.009572	51
4008.918614	20.436708	0.472071	-0.009356	53
4010.942595	20.385380	0.471986	-0.008853	55
4012.961710	20.499498	0.473105	-0.008387	57
4014.982597	20.682995	0.471435	-0.008249	59
4016.997362	20.935991	0.470831	-0.008485	61
4019.013981	21.193033	0.466894	-0.008759	63
4021.033968	21.263641	0.461234	-0.009077	65
4023.060272	21.118696	0.458127	-0.009444	67
4025.092317	20.932547	0.453354	-0.009858	69
4027.120329	20.692713	0.450432	-0.009605	71
4029.160253	20.413923	0.446344	-0.010111	73
4031.192047	20.277603	0.445262	-0.009412	75
4033.216345	20.134861	0.442754	-0.009354	77
4035.246862	20.252974	0.441329	-0.009664	79
4037.271602	20.277586	0.438554	-0.009784	81
4039.299964	20.415356	0.438233	-0.009977	83
4041.321405	20.547993	0.435744	-0.009885	85
4043.347154	20.674767	0.433360	-0.009785	87
4045.373876	20.748224	0.429939	-0.010402	89
4047.396802	20.885319	0.429600	-0.010171	91
4049.415363	20.893749	0.430024	-0.010609	93
